1 4583 128
2 3000 66
3 2583 120
4 6000 141
5 2333 95
6 3200 70
7 2500 109
8 1853 114
9 1299 17
10 4950 125
11 3596 100
12 3510 76
13 4887 133
14 2600 115
15 7660 104
16 2600 116
17 3365 112
18 2799 122
19 4226 110
20 1442 35
21 3750 120
22 3167 74
23 4692 106
24 3500 114
25 1828 100
26 3667 144
27 3748 110
28 3600 80
29 1800 47
30 2400 75
31 3941 134
32 4695 96
33 3410 88
34 5649 44
35 5821 144
36 2645 120
37 4000 144
38 1928 100
39 3086 120
40 4230 112
41 4616 134
42 2708 97
43 2132 96
44 3366 135
45 3357 144
46 2500 120
47 3029 99
48 4166 116
49 3200 126
50 7100 125
51 4300 136
52 1875 97
53 3500 81
54 4755 95
55 3750 113
56 1000 110
57 3333 130
58 3846 111
59 3988 50
60 2366 136
61 3333 99
62 2500 104
63 2958 131
64 3273 81
65 4133 122
66 3620 25
67 2484 137
68 1977 50
69 4188 115
70 1759 131
71 4288 133
72 3052 100
73 7333 120
74 2071 94
75 5316 136
76 2929 139
77 5050 118
78 2214 85
79 4166 44
80 2137 137
81 2957 81
82 3692 93
83 2014 74
84 2718 70
85 3459 25
86 4895 102
87 4583 84
88 3316 88
89 4200 129
90 2698 122
91 2330 100
92 1538 30
93 4860 125
94 6277 118
95 2281 113
96 3254 50
97 2980 120
98 1863 98
99 3089 121
100 9323 75
101 4583 112
102 2439 129
103 2237 63
104 1820 95
105 3522 81
106 4344 87
107 3497 116
108 2045 101
109 3750 116
110 2333 102
111 1916 67
112 4600 73
113 3625 108
114 2178 66
115 2383 58
116 4885 48
117 3858 76
118 4191 120
119 1907 120
120 3416 113
121 2600 90
122 3500 135
123 3917 124
124 4408 120
125 3244 80
126 3975 55
127 2479 59
128 3418 127
129 3430 128
130 5703 130
131 3173 137
132 3850 100
133 150 135
134 3727 131
135 5000 72
136 4283 127
137 2221 60
138 4009 116
139 2971 144
140 6250 128
141 4735 138
142 2491 104
143 3716 42
144 3189 120
145 3155 140
146 3463 122
147 3812 112
148 3315 96
149 5819 120
150 2510 140
151 6250 108
152 3406 123
153 6050 120
154 9703 112
155 6608 137
156 2882 123
157 1809 90
158 3427 138
159 2583 104
160 6045 115
161 5250 94
162 4931 128
163 2060 134
164 7200 120
165 5166 128
166 4708 150
167 3418 135
168 2876 90
169 3237 30
170 2833 126
171 2620 150
172 3900 90
173 2750 115
174 3103 80
175 4100 124
176 3927 112
177 2301 78
178 1811 54
179 3158 89
180 2600 99
181 3704 120
182 4124 115
183 3075 139
184 4400 127
185 3153 134
186 5417 143
187 4416 110
188 4666 135
189 2014 113
190 1800 93
191 2875 105
192 5000 132
193 1625 96
194 4000 140
195 3762 135
196 2400 104
197 2917 84
198 2927 111
199 2507 56
200 5746 144
201 3399 111
202 3717 120
203 2058 88
204 3541 112
205 2400 115
206 4342 124
207 3166 132
208 4917 130
209 4333 110
210 2500 67
211 4384 117
212 2935 98
213 2833 71
214 5503 70
215 4160 71
216 2378 46
217 3173 74
218 2583 125
219 3083 126
220 2666 95
221 5500 105
222 2423 130
223 3813 116
224 3875 67
225 3000 100
226 4723 81
227 4750 130
228 3013 95
229 6822 141
230 6216 133
231 2500 96
232 5124 124
233 3062 111
234 2764 110
235 4817 120
236 8750 130
237 4310 130
238 3069 71
239 5391 130
240 3333 128
241 7167 128
242 4566 100
243 3667 113
244 2346 132
245 2333 136
246 5488 125
247 2583 120
248 1993 113
249 3100 113
250 3276 135
251 3180 71
252 3033 95
253 3902 109
254 1500 103
255 2889 45
256 2755 65
257 2500 103
258 1963 53
259 4547 115
260 2167 115
261 2213 66
262 3867 62
263 2253 110
264 2995 60
265 1025 112
266 3246 138
267 5829 138
268 2720 80
269 1820 100
270 7250 110
271 2666 121
272 4606 81
273 5935 133
274 2920 87
275 2717 60
276 8624 150
277 6500 105
278 2425 143
279 3750 100
280 1926 50
281 7142 138
282 4707 148
283 3466 130
284 4652 110
285 3539 55
286 3340 150
287 2309 125
288 1958 60
289 3948 149
290 2483 90
291 7085 84
292 3859 96
293 4301 118
294 4354 136
295 7740 128
296 5191 132
297 4166 98
298 6000 140
299 2947 70
300 210 98
301 4333 110
302 2653 113
303 4691 100
304 2500 93
305 2873 132
306 3095 113
307 2083 128
308 1958 131
309 3547 80
310 2435 75
311 2699 96
312 3691 110
313 3597 119
314 3326 105
315 2600 107
316 4625 111
317 2895 95
318 645 113
319 3159 100
320 4050 138
321 3814 124
322 3583 96
323 3598 100
324 3283 148
325 2130 70
326 3466 150
327 2031 113
328 3074 123
329 3400 95
330 2192 45
331 2500 55
332 5677 100
333 3775 110
334 2679 94
335 6783 130
336 4281 100
337 3588 110
338 2550 126
339 3617 107
340 2917 66
341 4608 140
342 2138 99
343 3652 95
344 2239 128
345 3017 102
346 3358 80
347 2526 145
348 5000 103
349 2785 110
350 3593 132
351 5468 26
352 2667 84
353 3675 108
354 5800 132
355 4467 120
356 3333 70
357 3400 123
358 2378 9
359 3166 104
360 6406 150
361 3159 108
362 3087 136
363 3229 110
364 1782 107
365 1836 90
366 3166 36
367 1880 61
368 2787 146
369 2297 104
370 2165 70
371 4750 94
372 2726 106
373 3000 56
374 3859 142
375 3833 110
376 2987 88
377 5703 128
378 3232 108
379 2900 71
380 4106 40
381 4583 133